////4, 4, 16
{
//// Total number of inner PMTs: 24
//// Total number of veto PMTs: 6
"name": "PMTINFO",
"valid_begin": [0, 0],
"valid_end": [0, 0],
"x": [250.66282746310006, -250.66282746310006, 250.66282746310006, -250.66282746310006, 250.66282746310006, -250.66282746310006, 250.66282746310006, -250.66282746310006, 600.0, 600.0, 424.26406871192853, 424.26406871192853, 3.6739403974420595e-14, 3.6739403974420595e-14, -424.2640687119285, -424.2640687119285, -600.0, -600.0, -424.2640687119286, -424.2640687119286, -1.1021821192326178e-13, -1.1021821192326178e-13, 424.2640687119285, 424.2640687119285],
"y": [250.66282746310006, 250.66282746310006, -250.66282746310006, -250.66282746310006, 250.66282746310006, 250.66282746310006, -250.66282746310006, -250.66282746310006, 0.0, 0.0, 424.2640687119285, 424.2640687119285, 600.0, 600.0, 424.26406871192853, 424.26406871192853, 7.347880794884119e-14, 7.347880794884119e-14, -424.2640687119285, -424.2640687119285, -600.0, -600.0, -424.2640687119286, -424.2640687119286],
"z": [600.0, 600.0, 600.0, 600.0, -600.0, -600.0, -600.0, -600.0, 250.66282746310006, -250.66282746310006, 250.66282746310006, -250.66282746310006, 250.66282746310006, -250.66282746310006, 250.66282746310006, -250.66282746310006, 250.66282746310006, -250.66282746310006, 250.66282746310006, -250.66282746310006, 250.66282746310006, -250.66282746310006, 250.66282746310006, -250.66282746310006],
"dir_x": [0.0, 0.0, 0.0, 0.0, 0.0, 0.0, 0.0, 0.0, -1.0, -1.0, -0.7071067811865476, -0.7071067811865476, -6.123233995736766e-17, -6.123233995736766e-17, 0.7071067811865475, 0.7071067811865475, 1.0, 1.0, 0.7071067811865477, 0.7071067811865477, 1.8369701987210297e-16, 1.8369701987210297e-16, -0.7071067811865475, -0.7071067811865475],
"dir_y": [0.0, 0.0, 0.0, 0.0, 0.0, 0.0, 0.0, 0.0, -0.0, -0.0, -0.7071067811865475, -0.7071067811865475, -1.0, -1.0, -0.7071067811865476, -0.7071067811865476, -1.2246467991473532e-16, -1.2246467991473532e-16, 0.7071067811865475, 0.7071067811865475, 1.0, 1.0, 0.7071067811865477, 0.7071067811865477],
"dir_z": [-1.0, -1.0, -1.0, -1.0, 1.0, 1.0, 1.0, 1.0, 0.0, 0.0, 0.0, 0.0, 0.0, 0.0, 0.0, 0.0, 0.0, 0.0, 0.0, 0.0, 0.0, 0.0, 0.0, 0.0],
"type": [1, 1, 1, 1, 1, 1, 1, 1, 1, 1, 1, 1, 1, 1, 1, 1, 1, 1, 1, 1, 1, 1, 1, 1],
}

